1 14 14
5.759661 0.760400 19.076085
1.520800 1.636200 3.860000
721.530000 0.000000 609.550000 0.000000 721.530000 172.850000 0.000000 0.000000 1.000000
795.540050 221.825287
910.043196 211.401862
908.308300 211.401862
795.540050 221.825287
762.577023 210.175577
887.489546 168.481879
762.577023 210.788720
911.778092 211.401862
831.972869 190.555013
797.274946 189.941871
837.177558 172.160735
825.033285 172.160735
887.489546 168.481879
887.489546 168.481879
0.552828
0.041038
0.481586
0.083301
0.422778
0.009969
0.057067
0.057113
0.630194
0.064962
0.501484
0.103136
0.653807
0.097803
4.519912 1.420429 18.232307
4.372149 1.420560 19.861874
6.995210 1.316614 18.492305
6.856170 1.302824 19.989882
3.801693 0.863866 18.397789
3.682793 0.864303 19.588708
7.641946 0.663218 18.751587
7.542972 0.657763 19.845981
5.255530 0.393271 18.244340
5.102463 0.391046 19.948502
5.481261 -0.099623 18.573519
5.387755 -0.099318 19.652872
6.694381 -0.118344 18.709147
6.618946 -0.119348 19.713864
0.071970 -0.038484 0.050051 0.080668 -0.038475 -0.046580 -0.071786 -0.032126 0.033217 -0.063755 -0.031279 -0.052348 0.114342 -0.005883 0.040524 0.121475 -0.005912 -0.030659 -0.108891 0.005485 0.017527 -0.103254 0.005752 -0.043451 0.027555 0.021510 0.048554 0.036486 0.021632 -0.051085 0.014883 0.049909 0.029315 0.020336 0.049895 -0.033764 -0.052536 0.050514 0.021477 -0.048173 0.050565 -0.036822
-0.024744 -0.009569 0.027133 -0.013732 -0.006564 -0.026866 -0.005709 0.011454 -0.051541 0.007549 0.011890 0.058749 0.101030 0.010771 0.106225 0.115184 0.009933 -0.086352 0.074852 -0.005899 -0.062262 0.074650 -0.007694 0.070052 -0.084845 0.015510 0.017827 -0.081216 0.015065 -0.026500 -0.085953 -0.000936 0.015303 -0.083873 -0.001579 -0.023978 -0.003378 -0.042477 -0.022124 -0.006773 -0.044369 0.027642
0.027678 -0.043557 -0.040650 0.038276 -0.044352 0.053440 0.026274 -0.032085 -0.006775 0.017503 -0.035088 0.016827 0.021974 0.003485 -0.033448 0.011538 0.003396 0.029170 0.105882 -0.003190 0.022682 0.100194 -0.004325 -0.000549 0.027372 0.006525 -0.033620 0.030475 0.004122 0.033532 -0.015632 0.037573 -0.001626 -0.011227 0.035658 -0.012337 -0.186264 0.044730 -0.004458 -0.188120 0.042636 -0.030327
0.014508 0.097344 -0.088387 -0.005409 0.098967 0.070135 -0.007661 0.067439 0.067287 0.015118 0.067968 -0.075871 0.051292 -0.015248 0.034098 0.040483 -0.014724 -0.022431 0.005721 0.024424 0.111719 0.023810 0.033822 -0.094700 -0.003154 -0.043512 0.007870 -0.000059 -0.038818 -0.004575 -0.081604 -0.088330 0.027259 -0.061730 -0.087379 -0.014434 -0.014260 -0.075840 0.011435 0.006190 -0.070043 -0.006377
-0.122531 0.026051 -0.041418 -0.125455 0.030184 0.012047 -0.024839 0.010050 -0.026282 0.013807 0.006180 0.031212 0.027894 0.006349 0.054140 0.037418 0.004841 -0.056811 -0.038930 0.006612 0.006794 -0.020610 0.008135 -0.013193 0.088870 0.010347 0.027603 0.081063 0.011540 -0.016325 0.113365 -0.012737 -0.008830 0.094307 -0.012738 0.030184 -0.051172 -0.036505 -0.091808 -0.065988 -0.039434 0.082791
0.250000 0.270000 0.010000 -0.080000 -0.050000
